0 93.5 648.5
1 107.5 446.5
2 128.5 254.5
3 130.5 354.5
4 128.5 512.5
5 128.5 583.5
6 140.5 254.5
7 140.5 274.5
8 140.5 314.5
9 140.5 354.5
10 138.5 389.5
11 138.5 421.5
12 138.5 446.5
13 138.5 464.5
14 138.5 512.5
15 138.5 525.5
16 138.5 578.5
17 138.5 634.5
18 138.5 648.5
19 138.5 690.5
20 138.5 741.5
21 150.5 183.5
22 181.5 226.5
23 184.5 314.5
24 184.5 354.5
25 184.5 454.5
26 184.5 464.5
27 185.5 841.5
28 189.5 226.5
29 204.5 183.5
30 223.5 144.5
31 223.5 173.5
32 223.5 184.5
33 458.5 183.5
34 685.5 202.5
35 585.5 454.5
36 646.5 454.5
37 615.5 472.5
38 615.5 464.5
39 656.5 472.5
40 685.5 464.5
41 656.5 464.5
42 646.5 464.5
43 585.5 522.5
44 585.5 464.5
45 264.5 454.5
46 264.5 464.5
47 320.5 389.5
48 294.5 389.5
49 238.5 389.5
50 320.5 421.5
51 223.5 421.5
52 223.5 548.5
53 334.5 541.5
54 306.5 525.5
55 332.5 490.5
56 320.5 490.5
57 320.5 525.5
58 320.5 541.5
59 417.5 568.5
60 417.5 631.5
61 417.5 578.5
62 320.5 578.5
63 226.5 690.5
64 504.5 643.5
65 522.5 670.5
66 590.5 663.5
67 634.5 620.5
68 583.5 620.5
69 583.5 663.5
70 583.5 690.5
71 522.5 690.5
72 504.5 690.5
73 412.5 716.5
74 417.5 690.5
75 306.5 741.5
76 337.5 741.5
77 494.5 693.5
78 494.5 743.5
79 539.5 785.5
80 539.5 795.5
81 494.5 795.5
82 274.5 841.5
83 304.5 864.5
84 224.5 841.5
85 224.5 881.5
86 409.5 1006.5
87 320.5 881.5
88 320.5 864.5
89 637.5 876.5
90 320.5 841.5
91 320.5 826.5
92 320.5 811.5
93 320.5 811.5
94 320.5 795.5
95 320.5 741.5
96 320.5 690.5
97 320.5 634.5
98 223.5 634.5
99 223.5 578.5
100 223.5 389.5
101 223.5 464.5
102 320.5 464.5
103 496.5 551.5
104 634.5 578.5
105 583.5 578.5
106 544.5 586.5
107 544.5 578.5
108 504.5 578.5
109 504.5 551.5
110 504.5 464.5
111 504.5 431.5
112 504.5 364.5
113 534.5 364.5
114 671.5 364.5
115 617.5 364.5
116 573.5 364.5
117 573.5 282.5
118 590.5 282.5
119 590.5 272.5
120 612.5 316.5
121 612.5 272.5
122 671.5 272.5
123 671.5 202.5
124 629.5 202.5
125 537.5 202.5
126 504.5 202.5
127 504.5 144.5
128 504.5 183.5
129 479.5 183.5
130 479.5 274.5
131 455.5 274.5
132 419.5 274.5
133 434.5 274.5
134 424.5 274.5
135 468.5 274.5
136 395.5 304.5
137 395.5 324.5
138 306.5 252.5
139 320.5 252.5
140 306.5 274.5
141 318.5 274.5
142 377.5 274.5
143 368.5 274.5
144 223.5 247.5
145 223.5 254.5
146 223.5 274.5
147 320.5 354.5
148 264.5 354.5
149 223.5 354.5
150 223.5 314.5
151 266.5 314.5
152 320.5 314.5
153 320.5 344.5
154 368.5 344.5
155 422.5 462.5
156 409.5 462.5
157 409.5 399.5
158 409.5 344.5
159 395.5 344.5
160 468.5 344.5
161 504.5 336.5
162 504.5 344.5
163 504.5 316.5
164 504.5 303.5
165 534.5 282.5
166 504.5 282.5
167 504.5 293.5
168 504.5 274.5
169 504.5 221.5
170 479.5 221.5
171 414.5 221.5
172 414.5 193.5
173 414.5 144.5
174 383.5 144.5
175 358.5 193.5
176 320.5 193.5
177 320.5 165.5
178 320.5 129.5
179 320.5 144.5
180 320.5 144.5
181 337.5 218.5
182 320.5 218.5
183 320.5 226.5
184 223.5 203.5
185 264.5 226.5
186 223.5 226.5
187 223.5 183.5
188 413.5 274.5
189 395.5 274.5
190 590.5 202.5
191 612.5 282.5
192 504.5 670.5
193 55.5 931.5
194 484.5 1032.5
195 709.5 525.5
196 54 385
197 654 385
198 91 385
199 332 386
200 332 770
201 332 304
202 427 387
203 654 329
204 591 329
205 722 331
206 722 283
207 591 283
208 722 386
209 722 229
210 722 137
211 591 129
212 591 229
213 475 229
214 475 129
215 427 129
216 332 129
217 310 172
218 332 172
219 332 229
220 310 304
221 475 276
222 442 276
223 386 260
224 378 304
225 427 304
226 811 477
227 722 477
228 755 433
229 722 433
230 755 522
231 722 521
232 995 567
233 995 426
234 962 426
235 962 652
236 962 385
237 962 567
238 722 567
239 722 792
240 722 649
241 475 652
242 633 649
243 475 770
244 385 740
245 475 687
246 434 689
247 475 617
248 347 587
249 427 529
250 370 544
251 475 458
252 475 385
253 591 386
254 380 229
255 476 568