#0号节点
18 40
193 316
-1 -1
-1 -1
-1 -1
-1 -1
west_gate

#1号节点
12 32
-1 -1
-1 -1
-1 -1
-1 -1
-1 -1
hong_tong_building

#2号节点
6 8
-1 -1
-1 -1
-1 -1
-1 -1
-1 -1
youth_apartment

#3号节点
9 5
-1 -1
-1 -1
-1 -1
-1 -1
-1 -1
xue_13_apartment

#4号节点
14 11
-1 -1
-1 -1
-1 -1
-1 -1
-1 -1
post_office

#5号节点
16 10
-1 -1
-1 -1
-1 -1
-1 -1
-1 -1
CHL_business_hall

#6号节点
2 8
7 21
22 71
-1 -1
-1 -1
-1 -1
crossroads

#7号节点
6 21
8 40
146 84
-1 -1
-1 -1
-1 -1
crossroads

#8号节点
9 37
7 40
23 44
-1 -1
-1 -1
-1 -1
crossroads

#9号节点
3 5
10 34
8 37
24 45
-1 -1
-1 -1
crossroads

#10号节点
11 32
9 34
100 86
-1 -1
-1 -1
-1 -1
crossroads

#11号节点
12 25
10 32
51 85
-1 -1
-1 -1
-1 -1
crossroads

#12号节点
13 17
11 25
1 32
-1 -1
-1 -1
-1 -1
crossroads

#13号节点
12 17
26 45
14 47
-1 -1
-1 -1
-1 -1
crossroads

#14号节点
4 11
15 12
13 47
-1 -1
-1 -1
-1 -1
crossroads

#15号节点
14 12
16 52
-1 -1
-1 -1
-1 -1
-1 -1
jiao_4_building_west

#16号节点
5 10
15 52
17 55
99 85
-1 -1
-1 -1
crossroads

#17号节点
18 13
16 55
98 87
-1 -1
-1 -1
-1 -1
crossroads

#18号节点
17 13
0 40
19 43
-1 -1
-1 -1
-1 -1
crossroads

#19号节点
18 43
20 50
63 89
196 5000
197 5000
-1 -1
school_bus

#20号节点
19 50
94 230
-1 -1
-1 -1
-1 -1
-1 -1
jiao_3_building_west

#21号节点
29 56
-1 -1
-1 -1
-1 -1
-1 -1
-1 -1
bupt_technology_hotel

#22号节点
28 8
6 71
-1 -1
-1 -1
-1 -1
-1 -1
xue_9_apartment

#23号节点
150 40
8 44
-1 -1
-1 -1
-1 -1
-1 -1
xue_5_apartment

#24号节点
149 37
9 45
-1 -1
-1 -1
-1 -1
-1 -1
xue_3_apartment

#25号节点
26 10
-1 -1
-1 -1
-1 -1
-1 -1
-1 -1
xue_1_apartment

#26号节点
25 10
101 39
13 45
-1 -1
-1 -1
-1 -1
crossroads

#27号节点
84 39
-1 -1
-1 -1
-1 -1
-1 -1
-1 -1
01_time_coffee

#28号节点
22 8
186 34
-1 -1
-1 -1
-1 -1
-1 -1
foreign_student_apartment_north

#29号节点
32 19
21 56
-1 -1
-1 -1
-1 -1
-1 -1
xue_11_apartment

#30号节点
31 29
179 97
-1 -1
-1 -1
-1 -1
-1 -1
crossroads

#31号节点
32 9
30 29
-1 -1
-1 -1
-1 -1
-1 -1
xue_10_apartment_west

#32号节点
31 9
29 19
184 19
-1 -1
-1 -1
-1 -1
crossroads

#33号节点
129 21
-1 -1
-1 -1
-1 -1
-1 -1
-1 -1
xue_6_apartment

#34号节点
123 14
-1 -1
-1 -1
-1 -1
-1 -1
-1 -1
northeast_gate

#35号节点
44 10
-1 -1
-1 -1
-1 -1
-1 -1
-1 -1
tennis/volleyball_court

#36号节点
42 10
-1 -1
-1 -1
-1 -1
-1 -1
-1 -1
xue_29_apartment

#37号节点
38 8
-1 -1
-1 -1
-1 -1
-1 -1
-1 -1
gymnasium_north

#38号节点
37 8
44 30
42 31
115 100
-1 -1
-1 -1
crossroads

#39号节点
41 8
-1 -1
-1 -1
-1 -1
-1 -1
-1 -1
natatorium

#40号节点
41 29
195 85
-1 -1
-1 -1
-1 -1
-1 -1
east_gate

#41号节点
39 8
42 10
40 29
-1 -1
-1 -1
-1 -1
crossroads

#42号节点
36 10
41 10
38 31
-1 -1
-1 -1
-1 -1
crossroads

#43号节点
105 56
44 88
-1 -1
-1 -1
-1 -1
-1 -1
gymnasium_west

#44号节点
35 10
38 30
110 81
43 88
-1 -1
-1 -1
crossroads

#45号节点
46 10
-1 -1
-1 -1
-1 -1
-1 -1
-1 -1
xue_2_apartment

#46号节点
45 10
101 41
102 56
-1 -1
-1 -1
-1 -1
crossroads

#47号节点
48 26
50 32
147 35
157 90
-1 -1
-1 -1
crossroads

#48号节点
47 26
49 56
-1 -1
-1 -1
-1 -1
-1 -1
xue_4_apartment_southeast

#49号节点
100 15
48 56
-1 -1
-1 -1
-1 -1
-1 -1
xue_4_apartment_southwest

#50号节点
47 32
102 43
157 92
51 97
-1 -1
-1 -1
crossroads

#51号节点
100 32
101 43
11 85
50 97
-1 -1
-1 -1
crossroads

#52号节点
99 30
-1 -1
-1 -1
-1 -1
-1 -1
-1 -1
jiao_4_building_south

#53号节点
58 14
-1 -1
-1 -1
-1 -1
-1 -1
-1 -1
jiao_1_building_west

#54号节点
57 14
-1 -1
-1 -1
-1 -1
-1 -1
-1 -1
jiao_4_building_east

#55号节点
56 12
-1 -1
-1 -1
-1 -1
-1 -1
-1 -1
logistics_building

#56号节点
55 12
102 26
57 35
-1 -1
-1 -1
-1 -1
crossroads

#57号节点
54 14
58 16
56 35
-1 -1
-1 -1
-1 -1
crossroads

#58号节点
53 14
57 16
62 37
-1 -1
-1 -1
-1 -1
crossroads

#59号节点
61 10
-1 -1
-1 -1
-1 -1
-1 -1
-1 -1
jiao_1_building_south

#60号节点
61 53
74 59
-1 -1
-1 -1
-1 -1
-1 -1
main_building

#61号节点
59 10
60 53
108 87
62 97
-1 -1
-1 -1
crossroads

#62号节点
58 37
97 56
99 97
61 97
-1 -1
-1 -1
crossroads

#63号节点
98 56
19 89
96 94
-1 -1
-1 -1
-1 -1
jiao_3_building_north

#64号节点
192 27
108 65
-1 -1
-1 -1
-1 -1
-1 -1
science_hall_west

#65号节点
192 18
71 20
69 68
-1 -1
-1 -1
-1 -1
science_hall_south

#66号节点
69 7
-1 -1
-1 -1
-1 -1
-1 -1
-1 -1
stadium_west

#67号节点
104 42
68 51
-1 -1
-1 -1
-1 -1
-1 -1
stadium_north

#68号节点
105 42
69 43
67 51
-1 -1
-1 -1
-1 -1
crossroads

#69号节点
66 7
70 27
68 43
-1 -1
-1 -1
-1 -1
crossroads

#70号节点
69 27
71 61
80 149
-1 -1
-1 -1
-1 -1
crossroads

#71号节点
72 18
65 20
70 61
-1 -1
-1 -1
-1 -1
crossroads

#72号节点
77 13
71 18
192 20
-1 -1
-1 -1
-1 -1
crossroads

#73号节点
74 26
-1 -1
-1 -1
-1 -1
-1 -1
-1 -1
jiao_2_building_north

#74号节点
73 26
60 59
77 77
96 97
-1 -1
-1 -1
crossroads

#75号节点
95 14
-1 -1
-1 -1
-1 -1
-1 -1
-1 -1
jiao_3_building_east

#76号节点
95 17
-1 -1
-1 -1
-1 -1
-1 -1
-1 -1
jiao_2_building_west

#77号节点
72 13
78 50
74 77
-1 -1
-1 -1
-1 -1
crossroads

#78号节点
77 50
81 52
-1 -1
-1 -1
-1 -1
-1 -1
jiao_2_building_east

#79号节点
80 10
-1 -1
-1 -1
-1 -1
-1 -1
-1 -1
TNCCIC

#80号节点
79 10
81 45
70 149
-1 -1
-1 -1
-1 -1
crossroads

#81号节点
80 45
78 52
94 174
-1 -1
-1 -1
-1 -1
crossroads

#82号节点
90 46
84 50
-1 -1
-1 -1
-1 -1
-1 -1
school_hospital

#83号节点
88 16
-1 -1
-1 -1
-1 -1
-1 -1
-1 -1
south_supermarket

#84号节点
27 39
85 40
82 50
-1 -1
-1 -1
-1 -1
crossroads

#85号节点
84 40
87 96
-1 -1
-1 -1
-1 -1
-1 -1
crossroads

#86号节点
194 101
87 214
-1 -1
-1 -1
-1 -1
-1 -1
south_gate

#87号节点
88 17
86 214
-1 -1
-1 -1
-1 -1
-1 -1
crossroads

#88号节点
83 16
87 17
-1 -1
-1 -1
-1 -1
-1 -1
crossroads

#89号节点
90 352
-1 -1
-1 -1
-1 -1
-1 -1
-1 -1
ming_guang_building_press

#90号节点
91 15
88 23
82 46
89 352
-1 -1
-1 -1
crossroads

#91号节点
92 15
90 15
-1 -1
-1 -1
-1 -1
-1 -1
mid_gate

#92号节点
91 15
94 16
-1 -1
-1 -1
-1 -1
-1 -1
mid_gate_post_office

#93号节点
91 15
94 16
-1 -1
-1 -1
-1 -1
-1 -1
mid_gate_post_office

#94号节点
92 16
95 54
81 174
20 230
-1 -1
-1 -1
crossroads

#95号节点
75 14
76 17
96 51
94 54
-1 -1
-1 -1
crossroads

#96号节点
95 51
97 56
63 94
74 97
-1 -1
-1 -1
crossroads

#97号节点
62 56
96 56
98 97
-1 -1
-1 -1
-1 -1
crossroads

#98号节点
99 56
63 56
17 87
97 97
-1 -1
-1 -1
school_motto_stone

#99号节点
52 30
98 56
16 85
62 97
-1 -1
-1 -1
crossroads

#100号节点
49 15
51 32
149 35
10 86
-1 -1
-1 -1
crossroads

#101号节点
26 39
46 41
51 43
-1 -1
-1 -1
-1 -1
crossroads

#102号节点
56 26
50 43
46 56
156 89
-1 -1
-1 -1
crossroads

#103号节点
109 8
-1 -1
-1 -1
-1 -1
-1 -1
-1 -1
jiao_1_building_east

#104号节点
67 42
105 51
-1 -1
-1 -1
-1 -1
-1 -1
national_fitness

#105号节点
107 39
68 42
104 51
43 56
-1 -1
-1 -1
national_fitness

#106号节点
107 12
-1 -1
-1 -1
-1 -1
-1 -1
-1 -1
science_hall_north

#107号节点
106 12
105 39
108 40
-1 -1
-1 -1
-1 -1
crossroads

#108号节点
109 27
107 40
64 65
61 87
-1 -1
-1 -1
crossroads

#109号节点
103 8
108 27
110 87
-1 -1
-1 -1
-1 -1
crossroads

#110号节点
111 33
44 81
155 82
109 87
-1 -1
-1 -1
crossroads

#111号节点
110 33
112 67
-1 -1
-1 -1
-1 -1
-1 -1
basketball_court

#112号节点
162 20
113 30
111 67
-1 -1
-1 -1
-1 -1
crossroads

#113号节点
112 30
116 39
-1 -1
-1 -1
-1 -1
-1 -1
student_canteen_south

#114号节点
115 54
122 92
-1 -1
-1 -1
-1 -1
-1 -1
crossroads

#115号节点
116 44
120 48
114 54
38 100
-1 -1
-1 -1
crossroads

#116号节点
113 39
115 44
-1 -1
-1 -1
-1 -1
-1 -1
crossroads

#117号节点
118 16
165 39
116 82
-1 -1
-1 -1
-1 -1
crossroads

#118号节点
119 10
117 16
191 22
-1 -1
-1 -1
-1 -1
crossroads

#119号节点
118 10
121 22
190 70
-1 -1
-1 -1
-1 -1
crossroads

#120号节点
191 34
115 48
-1 -1
-1 -1
-1 -1
-1 -1
security_department

#121号节点
191 10
119 22
122 59
-1 -1
-1 -1
-1 -1
crossroads

#122号节点
121 59
123 70
114 92
-1 -1
-1 -1
-1 -1
crossroads

#123号节点
34 14
124 42
122 70
-1 -1
-1 -1
-1 -1
crossroads

#124号节点
190 39
123 42
-1 -1
-1 -1
-1 -1
-1 -1
youth_teacher_apartment

#125号节点
126 33
190 53
-1 -1
-1 -1
-1 -1
-1 -1
scientific_research_hall_north

#126号节点
128 19
169 19
125 33
-1 -1
-1 -1
-1 -1
crossroads

#127号节点
128 39
173 90
-1 -1
-1 -1
-1 -1
-1 -1
crossroads

#128号节点
126 19
129 25
127 39
-1 -1
-1 -1
-1 -1
crossroads

#129号节点
33 21
128 25
170 38
-1 -1
-1 -1
-1 -1
crossroads

#130号节点
135 11
168 25
-1 -1
-1 -1
-1 -1
-1 -1
ming_xiang_bar_north

#131号节点
135 13
133 21
-1 -1
-1 -1
-1 -1
-1 -1
photographic_agency

#132号节点
134 5
188 6
-1 -1
-1 -1
-1 -1
-1 -1
school_supermarket_west

#133号节点
134 10
131 21
-1 -1
-1 -1
-1 -1
-1 -1
school_supermartket_east

#134号节点
132 5
133 10
-1 -1
-1 -1
-1 -1
-1 -1
bathhouse

#135号节点
130 11
131 13
-1 -1
-1 -1
-1 -1
-1 -1
water_house

#136号节点
137 20
189 30
-1 -1
-1 -1
-1 -1
-1 -1
maan_coffee

#137号节点
136 20
159 20
-1 -1
-1 -1
-1 -1
-1 -1
student_mental_education_center

#138号节点
139 14
140 22
-1 -1
-1 -1
-1 -1
-1 -1
comprehensive_canteen_east

#139号节点
138 14
141 24
183 26
-1 -1
-1 -1
-1 -1
crossroads

#140号节点
141 12
138 22
-1 -1
-1 -1
-1 -1
-1 -1
take-out_window_east

#141号节点
140 12
139 24
152 40
143 50
-1 -1
-1 -1
crossroads

#142号节点
143 9
189 18
-1 -1
-1 -1
-1 -1
-1 -1
student_activity_center_south

#143号节点
142 9
141 50
154 70
-1 -1
-1 -1
-1 -1
crossroads

#144号节点
145 7
186 21
-1 -1
-1 -1
-1 -1
-1 -1
comprehensive_canteen_west

#145号节点
144 7
146 20
-1 -1
-1 -1
-1 -1
-1 -1
foreign_student_apartment_east

#146号节点
145 20
150 40
140 83
7 84
-1 -1
-1 -1
take-out_window_west

#147号节点
153 10
47 35
148 56
-1 -1
-1 -1
-1 -1
crossroads

#148号节点
149 41
147 56
-1 -1
-1 -1
-1 -1
-1 -1
xue_4_apartment

#149号节点
100 35
24 37
150 40
148 41
-1 -1
-1 -1
crossroads

#150号节点
146 40
23 40
149 40
151 43
-1 -1
-1 -1
crossroads

#151号节点
150 43
152 54
-1 -1
-1 -1
-1 -1
-1 -1
xue_8_apartment

#152号节点
153 30
141 40
151 43
-1 -1
-1 -1
-1 -1
crossroads

#153号节点
147 10
152 30
154 48
-1 -1
-1 -1
-1 -1
crossroads

#154号节点
159 27
153 48
143 70
-1 -1
-1 -1
-1 -1
crossroads

#155号节点
156 23
110 82
-1 -1
-1 -1
-1 -1
-1 -1
administration_office

#156号节点
155 23
157 63
102 89
-1 -1
-1 -1
-1 -1
crossroads

#157号节点
158 55
156 63
47 90
50 92
-1 -1
-1 -1
library

#158号节点
159 14
157 55
160 59
-1 -1
-1 -1
-1 -1
crossroads

#159号节点
158 14
137 20
154 27
-1 -1
-1 -1
-1 -1
crossroads

#160号节点
162 36
158 59
-1 -1
-1 -1
-1 -1
-1 -1
school_bookstore

#161号节点
162 8
163 20
-1 -1
-1 -1
-1 -1
-1 -1
student_canteen_west

#162号节点
161 8
112 20
160 36
-1 -1
-1 -1
-1 -1
crossroads

#163号节点
164 13
161 20
-1 -1
-1 -1
-1 -1
-1 -1
teacher/staff_canteen_south

#164号节点
167 10
163 13
-1 -1
-1 -1
-1 -1
-1 -1
teacher/staff_canteen_north

#165号节点
166 30
117 39
-1 -1
-1 -1
-1 -1
-1 -1
scientific_research_hall_south

#166号节点
168 8
167 11
165 30
-1 -1
-1 -1
-1 -1
crossroads

#167号节点
164 10
166 11
-1 -1
-1 -1
-1 -1
-1 -1
ming_xiang_bar_east

#168号节点
166 8
130 25
169 53
-1 -1
-1 -1
-1 -1
crossroads

#169号节点
126 19
170 25
168 53
-1 -1
-1 -1
-1 -1
crossroads

#170号节点
169 25
129 38
171 65
-1 -1
-1 -1
-1 -1
crossroads

#171号节点
172 28
188 53
170 65
-1 -1
-1 -1
-1 -1
crossroads

#172号节点
171 28
173 49
175 56
-1 -1
-1 -1
-1 -1
crossroads

#173号节点
174 31
172 49
127 90
-1 -1
-1 -1
-1 -1
crossroads

#174号节点
173 31
179 63
-1 -1
-1 -1
-1 -1
-1 -1
EM_building_north

#175号节点
176 38
172 56
-1 -1
-1 -1
-1 -1
-1 -1
EM_building_south

#176号节点
182 25
177 28
175 38
-1 -1
-1 -1
-1 -1
crossroads

#177号节点
179 21
176 28
-1 -1
-1 -1
-1 -1
-1 -1
xue_10_apartment_east

#178号节点
179 15
-1 -1
-1 -1
-1 -1
-1 -1
-1 -1
north_gate

#179号节点
178 15
177 21
174 63
30 97
-1 -1
-1 -1
crossroads

#180号节点
178 15
177 21
174 63
30 97
-1 -1
-1 -1
crossroads

#181号节点
182 17
-1 -1
-1 -1
-1 -1
-1 -1
-1 -1
student_activity_center

#182号节点
183 8
181 17
176 25
-1 -1
-1 -1
-1 -1
crossroads

#183号节点
182 8
139 26
185 56
-1 -1
-1 -1
-1 -1
crossroads

#184号节点
32 19
186 23
-1 -1
-1 -1
-1 -1
-1 -1
jiao_9_apartment

#185号节点
186 41
183 56
-1 -1
-1 -1
-1 -1
-1 -1
xue_10_apartment_south

#186号节点
144 21
184 23
28 34
185 41
-1 -1
-1 -1
crossroads

#187号节点
31 9
29 19
184 19
-1 -1
-1 -1
-1 -1
crossroads

#188号节点
132 6
189 18
171 53
-1 -1
-1 -1
-1 -1
crossroads

#189号节点
142 18
188 18
136 30
-1 -1
-1 -1
-1 -1
crossroads

#190号节点
124 39
125 53
119 70
-1 -1
-1 -1
-1 -1
crossroads

#191号节点
121 10
118 22
120 34
-1 -1
-1 -1
-1 -1
crossroads

#192号节点
65 18
72 20
64 27
-1 -1
-1 -1
-1 -1
crossroads

#193号节点
0 316
196 5000
197 5000
-1 -1
-1 -1
-1 -1
ming_guang_north_station

#194号节点
86 101
196 5000
197 5000
-1 -1
-1 -1
-1 -1
ming_guang_east_station

#195号节点
40 85
196 5000
197 5000
-1 -1
-1 -1
-1 -1
xin_tan_station

#196号节点
198 37
19 5000
193 5000
194 5000
195 5000
-1 -1
sha_he_west_gate

#197号节点
253 63
208 68
19 5000
193 5000
194 5000
195 5000
sha_he_school_bus

#198号节点
196 37
199 241
-1 -1
-1 -1
-1 -1
-1 -1
delivery_station

#199号节点
201 82
202 95
198 241
200 384
-1 -1
-1 -1
crossroads

#200号节点
243 143
199 384
-1 -1
-1 -1
-1 -1
-1 -1
crossroads

#201号节点
199 82
220 22
224 56
219 75
-1 -1
-1 -1
crossroads

#202号节点
199 95
252 48
225 83
-1 -1
-1 -1
-1 -1
crossroads

#203号节点
204 63
205 68
-1 -1
-1 -1
-1 -1
-1 -1
sha_he_post_office

#204号节点
203 63
207 46
253 57
-1 -1
-1 -1
-1 -1
crossroads

#205号节点
203 68
206 48
208 55
-1 -1
-1 -1
-1 -1
crossroads

#206号节点
205 48
209 54
-1 -1
-1 -1
-1 -1
-1 -1
sha_he_library_south

#207号节点
204 46
212 54
-1 -1
-1 -1
-1 -1
-1 -1
sha_he_supermarket

#208号节点
205 55
197 68
229 47
236 240
-1 -1
-1 -1
crossroads

#209号节点
206 54
212 131
210 92
-1 -1
-1 -1
-1 -1
sha_he_library_north

#210号节点
209 92
211 139
-1 -1
-1 -1
-1 -1
-1 -1
crossroads

#211号节点
210 139
212 100
214 116
-1 -1
-1 -1
-1 -1
sha_he_hospital

#212号节点
211 100
209 131
213 116
207 54
-1 -1
-1 -1
sha_he_integrated_office

#213号节点
212 116
214 100
221 47
254 95
-1 -1
-1 -1
sha_he_teacher_canteen

#214号节点
213 100
211 116
215 48
-1 -1
-1 -1
-1 -1
crossroads

#215号节点
214 48
216 95
-1 -1
-1 -1
-1 -1
-1 -1
sha_he_student_apartment_D2

#216号节点
215 95
218 43
-1 -1
-1 -1
-1 -1
-1 -1
crossroads

#217号节点
218 22
-1 -1
-1 -1
-1 -1
-1 -1
-1 -1
sha_he_stadium_north

#218号节点
217 22
216 43
219 57
-1 -1
-1 -1
-1 -1
sha_he_student_apartment_E

#219号节点
218 57
254 48
201 75
220 22
-1 -1
-1 -1
crossroads

#220号节点
219 22
-1 -1
-1 -1
-1 -1
-1 -1
-1 -1
sha_he_stadium_south

#221号节点
213 47
222 33
252 109
-1 -1
-1 -1
-1 -1
sha_he_student_canteen

#222号节点
221 33
-1 -1
-1 -1
-1 -1
-1 -1
-1 -1
sha_he_student_apartment_D1

#223号节点
254 37
-1 -1
-1 -1
-1 -1
-1 -1
-1 -1
sha_he_student_apartment_C

#224号节点
201 56
-1 -1
-1 -1
-1 -1
-1 -1
-1 -1
sha_he_student_apartment_B

#225号节点
202 83
-1 -1
-1 -1
-1 -1
-1 -1
-1 -1
sha_he_student_apartment_A

#226号节点
227 89
-1 -1
-1 -1
-1 -1
-1 -1
-1 -1
sha_he_report_hell

#227号节点
226 89
229 44
231 44
-1 -1
-1 -1
-1 -1
crossroads

#228号节点
229 33
-1 -1
-1 -1
-1 -1
-1 -1
-1 -1
sha_he_teaching_building_north

#229号节点
228 33
227 44
208 47
-1 -1
-1 -1
-1 -1
crossroads

#230号节点
231 33
-1 -1
-1 -1
-1 -1
-1 -1
-1 -1
sha_he_teaching_building_south

#231号节点
230 33
227 44
238 46
-1 -1
-1 -1
-1 -1
crossroads

#232号节点
237 33
-1 -1
-1 -1
-1 -1
-1 -1
-1 -1
sha_he_laboratory_building

#233号节点
234 33
-1 -1
-1 -1
-1 -1
-1 -1
-1 -1
sha_he_teaching_S1

#234号节点
233 33
236 41
237 141
-1 -1
-1 -1
-1 -1
crossroads

#235号节点
237 85
240 240
-1 -1
-1 -1
-1 -1
-1 -1
crossroads

#236号节点
234 41
208 240
-1 -1
-1 -1
-1 -1
-1 -1
crossroads

#237号节点
232 33
235 85
234 141
238 240
-1 -1
-1 -1
crossroads

#238号节点
237 240
231 46
240 82
255 246
-1 -1
-1 -1
crossroads

#239号节点
240 143
-1 -1
-1 -1
-1 -1
-1 -1
-1 -1
sha_he_south_gate

#240号节点
239 143
235 240
242 89
238 82
-1 -1
-1 -1
crossroads

#241号节点
245 35
242 158
247 35
-1 -1
-1 -1
-1 -1
crossroads

#242号节点
240 89
241 158
-1 -1
-1 -1
-1 -1
-1 -1
crossroads

#243号节点
245 90
200 143
-1 -1
-1 -1
-1 -1
-1 -1
crossroads

#244号节点
246 72
-1 -1
-1 -1
-1 -1
-1 -1
-1 -1
sha_he_Ⅲ

#245号节点
243 90
246 41
241 35
-1 -1
-1 -1
-1 -1
crossroads

#246号节点
245 41
-1 -1
-1 -1
-1 -1
-1 -1
-1 -1
sha_he_S5

#247号节点
241 35
255 49
248 131
-1 -1
-1 -1
-1 -1
crossroads

#248号节点
247 131
250 49
-1 -1
-1 -1
-1 -1
-1 -1
crossroads

#249号节点
250 59
-1 -1
-1 -1
-1 -1
-1 -1
-1 -1
sha_he_S3

#250号节点
249 59
248 49
-1 -1
-1 -1
-1 -1
-1 -1
crossroads

#251号节点
252 73
255 110
-1 -1
-1 -1
-1 -1
-1 -1
sha_he_S2

#252号节点
251 73
221 109
202 48
253 116
-1 -1
-1 -1
crossroads

#253号节点
197 63
252 116
204 57
-1 -1
-1 -1
-1 -1
crossroads

#254号节点
213 95
219 48
223 37
-1 -1
-1 -1
-1 -1
crossroads

#255号节点
247 49
251 110
238 246
-1 -1
-1 -1
-1 -1
crossroads